0.000267 

0.000183 

7.4e-05 

0.000164 

0.000226 

5.9e-05 

6.7e-05 

0.000232 

0.000155 

0.000187 

0.000185 

0.000217 

0.000107 

0.000136 

0.000228 

0.00029 

6e-05 

0.000127 

0.000242 

6.7e-05 

0.000196 

5.9e-05 

0.000227 

0.000101 

0.000148 

0.000184 

0.000203 

0.000165 

0.000162 

0.000166 

5.6e-05 

0.000197 

0.000214 

0.000172 

0.000191 

5.3e-05 

0.000163 

0.000151 

0.000187 

4.9e-05 

0.000153 

0.000183 

0.000207 

0.00022 

0.000224 

0.000224 

0.000213 

6.2e-05 

0.000183 

0.000361 

0.000272 

0.000141 

0.00036 

0.000247 

0.000211 

0.000216 

0.000256 

0.000163 

0.000203 

0.000206 

6.7e-05 

0.000202 

0.000184 

0.00017 

0.000117 

0.000145 

6.7e-05 

0.000171 

0.000185 

0.000136 

0.000185 

0.000151 

0.000167 

0.000145 

0.000177 

0.000192 

0.000196 

0.000213 

0.000197 

0.000177 

0.000149 

0.000203 

7.7e-05 

0.000189 

0.000167 

0.000191 

0.000399 

0.000153 

0.000197 

0.000309 

0.000193 

0.000185 

0.00019 

0.000165 

0.000172 

0.000174 

0.000179 

0.000229 

0.000234 

0.000211 

0.000143 

0.000197 

6.8e-05 

0.000195 

0.000224 

0.000189 

0.000187 

0.000146 

0.000177 

0.00011 

0.000162 

0.000172 

0.000181 

0.000228 

0.000138 

6.6e-05 

0.000188 

0.000165 

0.000152 

0.000203 

0.000219 

0.000177 

0.000164 

0.000188 

0.000242 

0.000134 

0.000153 

7.3e-05 

0.000186 

0.000203 

0.000192 

6.7e-05 

0.000176 

0.000178 

6.4e-05 

0.000166 

0.000289 

0.0003 

0.000158 

0.000207 

0.000171 

0.000137 

0.000238 

0.000174 

0.000171 

0.000127 

0.000207 

0.000198 

0.000215 

0.000149 

0.0003 

0.00013 

0.000186 

0.000203 

0.000245 

0.000163 

0.00014 

0.000212 

0.00018 

0.000132 

0.000189 

0.000237 

0.000196 

0.00023 

0.000204 

0.000157 

0.000182 

0.000221 

0.000185 

7.4e-05 

0.000238 

0.000203 

0.00019 

0.000116 

0.000167 

0.000272 

0.000179 

0.000168 

0.000185 

0.000367 

0.000153 

0.000166 

0.000158 

0.000205 

0.000178 

0.00016 

0.000203 

0.000163 

0.000235 

0.000161 

0.00016 

0.000189 

0.000206 

0.000142 

0.000171 

0.000178 

0.000205 

0.000175 

0.000196 

0.000203 

0.000264 

0.000183 

0.000167 

0.000448 

0.000171 

0.000144 

0.000182 

0.000168 

0.000174 

0.000159 

0.000219 

0.000108 

0.000163 

0.000131 

0.000221 

0.000122 

0.000134 

0.000186 

0.000149 

0.000165 

0.000189 

0.000175 

0.000232 

0.000147 

0.000161 

0.00031 

0.000157 

0.000201 

0.000214 

0.000181 

0.000155 

0.000187 

0.000201 

0.000217 

0.000282 

0.000282 

0.000222 

0.000201 

0.000173 

0.000173 

0.000195 

0.000195 

6.6e-05 

5.9e-05 

0.00011 

0.000182 

0.000118 

0.000113 

0.000206 

0.00014 

0.000194 

0.000137 

0.000179 

0.00023 

0.000194 

0.000214 

0.000178 

0.000173 

0.000196 

0.000174 

0.000399 

0.000359 

0.000184 

0.000162 

0.000168 

0.000255 

0.000185 

0.000173 

0.000162 

0.000132 

0.000146 

0.000181 

6.9e-05 

0.000375 

0.000225 

7.4e-05 

0.000161 

0.000145 

0.000188 

0.000166 

0.000171 

0.000148 

0.00022 

0.000223 

0.000242 

0.000168 

0.000177 

0.000202 

0.000227 

0.000239 

0.00028 

0.000138 

0.000133 

0.00017 

7e-05 

0.00019 

0.000173 

0.000154 

0.000163 

0.000238 

0.000175 

0.000188 

0.000246 

0.00014 

5.6e-05 

0.000137 

8.1e-05 

0.000183 

0.000169 

0.000241 

0.000261 

0.000198 

0.000198 

0.000167 

6.4e-05 

0.000181 

0.000287 

0.000206 

0.000142 

0.000205 

0.000192 

0.000204 

0.000181 

0.000114 

0.000203 

0.000153 

0.000181 

0.000197 

0.000147 

0.00016 

0.000153 

0.000236 

0.000186 

0.000213 

0.000336 

0.000248 

0.000275 

0.000192 

0.000175 

0.000164 

0.000111 

0.000217 

0.000161 

0.000144 

0.000216 

0.00018 

0.000193 

0.000136 

0.000205 

0.000184 

0.000152 

0.000174 

0.000164 

0.000233 

0.000159 

0.000198 

0.00019 

6.3e-05 

0.000216 

0.000303 

0.000259 

0.000252 

0.000221 

0.000168 

0.000185 

0.000178 

0.00017 

0.000191 

0.000131 

0.000178 

0.000175 

0.000198 

0.000157 

0.000131 

0.000172 

0.000193 

0.000159 

0.000164 

0.000196 

0.000124 

0.000259 

0.000209 

0.000164 

0.000163 

0.000194 

0.000208 

0.000111 

0.000125 

0.000153 

0.000151 

0.000156 

0.000161 

0.000177 

0.000147 

0.000196 

0.000187 

0.000172 

0.000193 

0.00019 

0.000165 

0.000176 

0.000132 

0.000217 

0.000189 

0.000149 

0.000233 

0.000171 

0.000274 

0.000195 

0.000301 

0.000186 

0.000189 

0.00023 

0.000184 

0.00019 

0.000198 

0.000172 

6.6e-05 

0.000167 

0.000189 

0.000205 

0.00018 

6.8e-05 

0.000169 

0.00014 

0.000161 

0.000186 

0.000242 

0.000147 

0.000186 

0.000465 

0.000133 

0.000206 

0.000192 

0.000143 

0.000153 

0.000176 

0.000148 

0.000289 

0.000171 

0.000184 

0.000177 

0.000249 

0.000191 

0.000163 

0.000169 

0.000203 

0.000169 

0.000179 

0.000211 

0.000159 

0.00018 

0.000176 

0.000147 

0.000157 

0.000192 

0.0002 

0.000225 

0.0002 

7.8e-05 

0.000206 

0.000295 

0.000206 

0.000161 

0.00014 

0.000178 

0.000154 

0.000134 

0.000155 

0.000168 

0.000168 

0.000172 

0.000109 

0.000142 

0.000178 

0.000163 

0.000387 

0.000159 

0.000206 

0.000211 

0.000171 

0.000186 

0.000155 

0.00021 

0.000195 

0.000146 

0.000181 

0.00018 

5.7e-05 

0.00028 

0.000154 

0.000228 

0.000244 

0.000198 

0.000208 

0.000204 

0.000185 

0.000139 

0.000181 

7.7e-05 

0.000143 

0.000157 

0.000178 

0.000188 

0.000143 

5.2e-05 

0.000245 

0.000139 

0.000128 

0.000181 

0.000188 

0.000214 

5.8e-05 

0.000183 

0.000164 

0.000219 

0.000158 

0.000172 

0.0002 

0.000158 

0.000159 

0.000162 

0.000154 

0.000143 

0.000177 

0.000194 

0.000144 

0.000169 

0.000177 

0.000171 

6.6e-05 

0.00016 

0.000202 

0.000145 

0.000148 

0.00019 

0.000287 

0.000192 

0.000177 

6.7e-05 

0.000199 

0.000189 

0.000217 

5.6e-05 

0.00021 

0.000195 

0.000254 

0.0002 

0.000138 

0.00014 

0.000164 

0.0002 

0.000172 

0.000149 

0.000206 

0.00015 

0.000207 

6e-05 

0.000166 

0.000186 

0.000196 

0.000173 

0.00018 

0.000129 

0.00018 

0.000184 

0.000205 

0.000176 

0.000152 

0.000183 

0.000206 

0.000134 

0.000193 

0.000171 

0.000171 

0.000171 

0.000184 

0.000156 

0.00011 

0.000153 

0.000243 

0.000182 

0.000165 

0.000209 

0.000258 

0.000199 

0.000212 

0.000269 

0.000178 

0.000175 

0.000213 

0.00019 

9.1e-05 

0.000181 

0.000146 

0.000174 

0.000271 

0.000153 

0.000193 

0.000221 

0.000162 

0.000195 

0.000225 

0.000225 

0.000146 

0.000174 

4.9e-05 

0.000147 

0.000138 

0.000163 

0.000213 

0.000199 

0.000185 

0.000173 

0.000227 

0.000225 

0.000215 

0.000231 

0.000222 

0.000214 

0.000146 

0.000217 

0.000167 

0.000207 

0.000198 

0.000189 

0.000187 

0.000168 

0.000123 

0.000185 

0.0002 

0.000176 

0.000148 

0.000249 

0.000312 

0.000143 

0.00015 

0.000177 

0.00027 

0.000159 

0.000176 

0.000218 

0.000168 

0.000204 

0.00021 

8.7e-05 

0.000375 

0.000174 

0.000153 

0.000192 

0.000207 

0.000161 

0.0002 

0.00018 

0.000174 

0.000191 

0.000208 

0.000326 

0.000201 

6.6e-05 

0.000318 

0.000207 

0.000153 

0.000199 

0.000164 

0.000178 

0.000214 

0.000153 

0.000186 

0.000177 

0.000372 

0.00022 

5.1e-05 

0.000202 

0.000192 

0.000119 

0.000174 

0.000199 

0.000156 

0.000258 

0.000135 

8.2e-05 

0.000184 

0.000139 

0.000152 

0.000153 

5.2e-05 

0.000116 

0.000212 

0.000169 

0.000196 

0.00022 

0.000256 

0.000142 

0.000198 

0.000174 

0.000255 

0.000159 

0.000195 

0.000174 

0.000207 

9.9e-05 

0.000397 

0.000195 

0.000182 

0.000324 

0.000263 

0.000151 

0.000141 

0.000244 

0.000223 

0.000161 

0.000158 

0.000118 

0.000207 

0.000147 

0.000166 

0.000179 

0.000324 

5.7e-05 

0.000256 

0.000135 

0.000176 

0.000198 

0.000173 

0.000213 

0.000142 

0.000203 

0.000161 

0.000189 

0.00015 

0.000157 

0.000178 

5.1e-05 

0.000182 

6.1e-05 

0.000127 

0.000295 

0.000226 

0.000224 

0.000213 

0.000247 

0.000255 

0.000187 

0.000195 

0.000194 

0.000173 

0.00016 

0.000233 

0.000244 

0.000244 

0.000193 

0.000137 

0.000222 

0.000264 

7e-05 

0.000284 

0.000244 

0.000245 

0.000192 

0.000157 

0.000212 

0.000206 

0.000198 

0.000166 

0.000177 

0.000196 

0.000242 

0.000138 

0.000184 

0.000206 

0.000177 

0.000193 

0.000168 

0.000139 

6.1e-05 

0.000182 

0.00016 

0.000186 

5.6e-05 

0.000179 

0.000208 

0.000186 

0.000261 

0.000214 

5.1e-05 

0.000193 

0.00027 

0.000159 

0.000133 

0.00016 

0.00018 

0.000184 

0.000182 

0.000236 

6.2e-05 

0.000203 

0.000218 

0.000224 

0.000239 

6.3e-05 

0.000253 

0.000206 

0.000136 

0.000155 

0.000184 

0.000219 

0.000161 

0.000133 

0.000188 

0.000206 

0.000157 

0.000166 

0.000225 

0.000189 

0.00014 

0.00019 

0.000178 

0.000186 

0.000174 

0.000188 

0.000313 

0.000132 

0.000196 

0.000421 

0.000139 

0.000153 

0.000155 

0.000125 

0.000278 

0.000174 

0.000207 

0.000155 

0.000151 

0.000182 

0.000179 

0.000262 

0.000177 

0.000325 

0.000219 

0.000212 

5.3e-05 

0.000192 

0.000185 

0.000205 

0.000183 

0.00016 

0.000193 

0.000217 

0.000171 

5.3e-05 

0.000176 

0.00018 

0.000241 

0.000186 

0.000164 

0.000263 

0.000133 

0.00014 

0.000155 

0.000209 

0.000165 

0.000242 

0.000214 

0.000164 

0.000158 

0.000187 

0.000163 

0.000216 

0.00022 

0.000159 

0.00017 

0.000165 

0.000314 

0.00026 

0.000157 

0.000188 

0.000203 

0.000201 

0.000145 

0.000189 

0.00017 

9.6e-05 

0.000175 

0.000208 

0.000191 

0.000254 

0.000306 

0.000183 

0.000136 

0.000208 

0.000182 

0.000263 

0.000169 

0.000237 

0.000207 

0.000201 

5.1e-05 

0.000183 

0.000193 

0.000108 

0.000226 

0.000191 

0.000171 

0.00015 

0.000159 

0.000144 

0.000188 

0.000185 

0.000234 

0.000185 

0.00024 

0.000233 

0.000198 

0.000172 

0.000169 

0.00017 

0.000181 

0.000176 

0.000148 

6.7e-05 

0.000233 

0.000159 

0.000259 

0.000131 

0.000169 

0.00021 

0.000244 

0.000182 

0.00014 

0.00022 

0.000175 

0.000195 

0.00021 

0.000207 

7e-05 

0.000196 

0.00019 

0.00018 

0.00018 

0.000176 

0.000198 

0.000293 

0.00019 

0.000187 

0.000162 

0.000147 

0.000151 

0.000156 

0.000133 

0.00019 

6.4e-05 

0.000167 

0.000217 

0.000178 

0.000155 

0.000161 

0.000178 

9.3e-05 

0.000193 

0.000225 

0.000218 

0.000184 

0.000188 

0.000102 

0.000184 

0.000188 

6.5e-05 

0.000216 

6.6e-05 

0.000236 

0.000219 

6.4e-05 

0.00034 

0.000265 

0.000122 

0.000204 

0.000241 

4.8e-05 

0.000159 

0.000204 

0.000152 

0.000215 

0.000181 

0.000104 

5.7e-05 

0.000188 

0.000213 

0.000161 

0.000136 

0.000154 

0.000144 

0.000172 

0.000195 

0.000187 

0.000164 

0.00017 

6.5e-05 

0.000146 

0.000127 

7.7e-05 

0.000171 

0.000146 

0.00017 

0.000139 

0.000411 

0.000268 

0.00019 

0.000187 

0.000175 

0.000169 

0.000258 

6.7e-05 

0.000283 

0.000214 

0.00015 

0.000174 

5.8e-05 

0.000169 

0.000184 

0.000157 

0.000196 

6.5e-05 

0.000181 

0.000152 

0.000169 

0.000182 

0.000296 

0.000311 

0.000163 

0.000143 

0.000181 

0.000132 

0.000151 

0.000158 

0.000181 

0.000145 

0.000208 

0.000145 

0.000135 

6e-05 

0.000168 

0.00026 

0.000159 

0.000203 

0.000156 

0.000173 

0.000161 

0.000155 

7e-05 

0.000227 

0.000242 

0.000157 

6e-05 

0.000182 

0.000221 

5.6e-05 

0.000188 

0.000148 

0.000196 

0.000246 

0.000289 

0.000207 

0.000134 

0.000186 

0.000139 

0.00021 

7.3e-05 

0.00017 

0.000206 

0.000174 

0.000209 

0.00018 

0.000254 

0.000206 

0.000218 

0.000227 

0.000171 

0.000206 

8.4e-05 

0.000148 

0.000161 

0.000208 

0.000132 

0.000154 

0.000135 

0.000171 

0.000175 

0.000169 

0.000202 

0.000243 

0.00014 

0.000188 

0.000223 

0.000148 

0.000143 

6.6e-05 

0.000191 

0.000172 

0.000221 

0.000179 

0.000149 

0.00012 

6.5e-05 

0.000187 

0.000163 

0.000172 

0.000145 

0.000222 

0.000196 

0.000149 

0.00018 

0.000312 

7e-05 

0.000161 

0.000185 

0.000168 

0.000208 

0.000189 

0.000227 

0.000172 

0.000182 

0.000177 

0.000195 

0.000195 

0.000153 

0.000198 

0.000207 

0.000158 

0.000228 

0.000204 

0.000197 

0.000195 

0.000202 

0.000187 

0.000166 

0.000287 

0.000202 

0.000204 

0.000217 

0.000285 

0.000116 

0.000174 

0.000128 

0.000275 

0.000288 

0.000227 

0.000176 

0.000363 

0.000216 

0.000159 

6.4e-05 

0.0002 

0.000139 

0.000156 

0.000154 

0.000148 

0.00021 

0.000193 

0.000175 

0.000132 

0.000175 

0.000164 

0.000209 

0.000182 

0.00023 

0.000217 

0.000158 

0.000208 

0.000174 

0.000176 

5.5e-05 

0.000183 

0.000169 

7.1e-05 

0.000185 

0.000185 

0.000182 

0.000179 

0.000215 

0.00022 

0.0002 

0.00021 

0.000213 

0.000256 

0.00015 

0.000249 

0.000185 

0.00018 

0.000191 

0.000208 

0.000183 

0.00017 

0.000164 

0.000134 

5.5e-05 

0.000177 

0.000172 

0.000242 

0.000196 

0.000168 

0.000164 

0.0002 

0.000134 

0.000234 

0.000175 

0.000159 

0.000172 

0.000187 

0.000182 

0.000175 

0.000162 

0.0002 

0.000184 

4.7e-05 

0.000189 

0.000192 

0.000216 

0.00021 

8.5e-05 

0.000175 

0.000163 

0.000181 

0.000231 

0.00023 

0.000242 

0.000224 

0.000233 

0.000276 

6.4e-05 

0.000234 

0.000134 

0.000192 

0.000144 

0.000206 

0.000255 

0.000375 

0.000176 

0.000195 

0.000208 

0.000158 

0.000184 

0.000167 

0.000148 

0.000199 

0.000156 

0.000208 

0.000195 

0.00018 

0.000184 

0.000165 

0.000168 

5e-05 

6e-05 

0.000228 

0.000163 

0.000141 

0.000172 

0.000248 

0.000155 

0.000211 

0.000205 

0.000171 

5e-05 

0.000209 

0.000211 

0.000221 

0.000222 

0.000235 

0.000213 

0.000184 

0.000198 

0.000148 

0.000294 

0.000212 

0.000203 

0.000234 

0.000187 

0.000211 

0.000189 

6.2e-05 

0.000197 

0.000235 

0.000178 

0.000154 

0.000268 

0.000196 

0.000159 

0.000183 

0.000179 

0.000114 

0.000157 

0.000227 

0.000185 

0.000184 

8.1e-05 

0.000191 

0.00017 

0.000136 

0.000195 

0.000162 

0.000184 

0.000143 

0.000155 

0.000162 

0.000135 

0.000169 

0.000169 

0.000179 

6.1e-05 

0.000234 

0.000152 

0.000353 

0.000147 

0.000191 

0.000383 

0.000166 

0.000243 

0.00019 

0.000164 

0.000222 

0.000265 

0.000173 

0.000275 

0.000297 

0.000236 

0.000245 

6.2e-05 

0.000174 

0.000364 

0.000275 

6.6e-05 

0.000266 

0.000226 

0.00029 

0.000231 

0.000324 

0.000145 

0.00023 

0.000185 

0.00018 

8.6e-05 

0.000136 

0.00015 

0.000173 

0.000188 

0.000145 

0.000271 

0.000167 

0.00019 

0.00021 

0.000151 

0.000121 

0.0002 

0.000231 

0.000203 

0.000141 

0.00013 

0.000177 

0.000153 

0.000215 

0.000184 

0.000137 

0.000142 

0.00023 

0.000206 

0.000241 

0.000259 

0.000202 

6.3e-05 

0.000209 

0.000227 

0.000225 

0.000153 

0.00018 

0.0003 

0.000291 

0.00016 

0.000163 

0.000205 

0.000255 

0.000137 

0.000194 

0.000159 

0.000186 

0.000322 

0.000146 

0.000156 

0.000208 

0.000232 

0.000252 

0.000197 

0.000125 

0.00014 

0.000165 

0.000168 

0.000188 

0.000165 

0.000163 

0.000173 

0.000203 

0.000213 

0.000223 

0.000176 

0.000174 

0.000165 

0.000291 

0.000196 

0.00019 

0.000177 

0.000306 

0.000193 

0.00022 

0.000185 

0.000136 

0.000243 

0.000205 

0.00024 

0.000127 

0.000202 

0.000237 

0.000161 

0.000172 

5.7e-05 

0.000176 

0.000182 

0.000178 

0.000112 

0.000147 

0.000178 

0.00014 

5.6e-05 

0.000174 

0.000198 

0.000201 

0.000215 

0.000133 

5.5e-05 

0.000245 

0.000136 

0.000151 

5.8e-05 

0.000189 

0.000207 

0.000169 

0.000196 

0.000178 

6.9e-05 

0.000133 

0.000175 

0.000189 

0.000179 

0.000211 

0.000172 

0.000183 

0.000154 

0.000179 

0.000156 

0.000172 

0.000153 

0.00017 

0.000184 

0.000136 

0.000248 

0.000259 

0.000253 

0.000236 

0.000133 

0.000185 

0.000126 

0.000206 

0.000215 

0.000185 

0.000164 

0.000176 

0.000145 

0.000178 

0.000166 

0.000171 

0.000114 

0.000186 

0.000167 

0.000148 

0.000205 

0.000206 

0.000184 

0.000151 

0.000222 

0.000173 

0.000209 

0.000218 

0.000221 

0.000203 

0.000312 

0.000227 

0.000195 

0.000302 

7.1e-05 

0.000298 

0.000192 

0.000213 

0.000144 

0.000197 

6.6e-05 

0.000214 

0.000149 

0.000175 

0.000172 

0.000165 

0.000159 

0.000197 

0.00015 

0.000177 

5.2e-05 

0.000291 

0.000207 

0.000283 

0.00022 

0.000154 

0.000247 

0.000158 

0.000206 

0.000256 

0.000201 

0.000203 

0.000182 

0.000183 

0.000163 

0.000223 

5.1e-05 

5.5e-05 

0.000146 

0.000188 

0.000224 

0.000171 

0.000196 

0.000193 

0.000223 

0.000239 

0.000227 

0.000195 

9.1e-05 

0.000212 

0.000237 

0.000201 

0.000138 

0.00013 

0.000187 

0.000149 

0.000217 

0.000212 

0.000188 

0.000151 

0.000267 

6.1e-05 

